1 72
1 83
1 89
2 14
2 24
2 108
3 86
4 128
4 149
5 19
5 58
5 86
5 113
5 137
6 25
6 56
6 67
6 96
6 112
6 128
6 145
7 72
8 14
9 14
9 19
9 108
10 46
11 14
13 3
14 108
16 128
17 1
17 83
17 88
18 20
19 24
19 108
20 1
21 77
23 83
24 102
24 108
27 24
27 102
27 108
29 4
30 130
31 70
32 18
32 70
32 105
32 121
33 14
34 15
35 133
37 72
38 15
39 108
39 131
41 17
43 18
43 24
43 108
44 104
47 146
48 24
48 58
48 71
48 108
49 15
49 25
49 90
50 24
50 108
51 16
52 1
52 104
52 132
53 42
53 108
55 15
55 146
56 49
56 108
56 124
59 128
60 18
60 24
60 108
61 2
61 72
63 72
64 16
65 66
67 14
67 66
68 14
70 14
70 66
71 24
71 108
72 76
73 88
74 72
75 46
76 72
77 2
77 18
79 48
79 108
80 56
82 6
82 11
82 20
82 32
82 40
82 41
82 52
82 57
82 65
82 67
82 73
82 90
82 96
82 98
82 105
82 140
82 149
84 58
84 108
85 15
85 25
85 67
86 3
86 58
86 108
87 15
88 72
89 72
91 140
92 46
92 72
98 14
98 65
98 66
99 14
102 108
103 107
105 1
105 20
106 72
107 24
107 108
109 14
110 108
111 72
113 5
113 19
113 58
113 86
114 14
115 72
116 9
116 129
117 14
117 83
118 24
118 108
118 129
120 146
123 14
123 83
124 56
124 83
124 89
124 95
124 132
125 24
125 108
126 15
127 72
129 28
130 81
132 108
133 89
133 104
133 108
134 12
134 14
134 20
137 24
137 108
138 88
140 20
141 56
141 117
142 108
143 80
144 72
144 128
145 83
145 104
146 108
147 9
147 108
149 15
